100000100000100011
101000001101101011
11111000101100100
100111110111111011
100011100010111001
100111001110000001
100010010001101010
100011101110101110
100001011011000101
101001010101110111
100000001001100001
101001000000010001
100100011111010011
101000010100010001
100011001010110110
100100110000110100
100010010111001101
101010100101010100
100000111011000110
101010001110100000
100101100111000010
101001100010011001
100100011001000111
100101111000101111
100011110010011000
101100010110000011
100010010011100101
101011111110010110
100111001011010011
101011010000011001
100101111001000110
100111011011010000
100001111101000011
101010001000010000
100000101000111010
101001110001111010
100101001011000110
101001000110101001
100100000100011111
100101100001000011
100001011011100101
101001011111101101
11111110101110110
101001001001010001
100100101001100001
101000011100010110
100011010110011110
100100111001010001
100001001000101100
101001000000010011
11111101100001100
101000101010010010
100100010000111001
100111111111101110
100011000001101110
100100011001001100
100010001100000000
101010010110110010
100000110001001110
101010000000001000
100101011101100010
101001010100011100
100100001101010111
100101100110100111